# Created by Octave 4.2.0, Mon Jan 16 11:48:20 2017 GMT <unknown@unknown>
# name: v1
# type: matrix
# rows: 10
# columns: 1
 6.1101
 5.5277
 8.518599999999999
 7.0032
 5.8598
 8.382899999999999
 7.4764
 8.578099999999999
 6.4862
 5.0546


